   0.0000000e+00   0.0000000e+00   0.0000000e+00   0.0000000e+00   0.0000000e+00   0.0000000e+00
  -1.8556740e-02  -2.0623161e-02   4.1362151e-02  -8.2108620e-04  -3.0642872e-04  -1.8599324e-04
  -2.9382112e-02  -2.0918121e-02   4.4968043e-02  -8.8717304e-04  -3.7882165e-04  -3.2785358e-04
  -2.3999234e-02  -3.3463683e-02   6.5949966e-02  -8.8641957e-04  -3.9696793e-04  -3.8883763e-04
  -3.6060238e-02  -1.9172254e-02   5.9819302e-02  -5.9300814e-04  -3.5300414e-04  -4.1210764e-04
  -2.3765996e-02  -3.0239109e-02   8.5093967e-02  -1.1292932e-03  -1.0308457e-04  -3.5807318e-04
   6.2357515e-03  -1.6165804e-02   1.1657655e-01  -1.7827510e-03  -5.7346092e-04   8.7476807e-05
   6.7430958e-03  -4.0999368e-02   8.5715974e-02  -1.8849004e-03  -8.0942354e-04   1.3704288e-04
   2.4037298e-02  -2.5268427e-02   1.2412214e-01  -2.1205625e-03  -7.6888401e-04   4.3244203e-04
   4.0724226e-02  -4.6474558e-02   1.4997937e-01  -2.1849322e-03  -9.7680931e-04   5.1671748e-04
   3.2591113e-02  -3.7216267e-02   1.4111461e-01  -2.2917912e-03  -1.1549774e-03   7.0588349e-04
   4.0721894e-02  -3.1224114e-02   1.5581769e-01  -2.4583161e-03  -1.5098748e-03   6.8635883e-04
   2.6396561e-02  -3.0393060e-02   1.6190130e-01  -2.6747717e-03  -1.7373635e-03   6.2823635e-04
   2.2646164e-02  -7.7491480e-03   1.5007840e-01  -2.5921655e-03  -1.7035124e-03   5.6005122e-04
   2.2955788e-02  -9.1218650e-03   1.8425774e-01  -2.8771096e-03  -1.8977486e-03   6.5673493e-04
   2.8923172e-02  -2.2271663e-02   1.9192517e-01  -2.4185253e-03  -1.7587689e-03   6.7493157e-04
   3.8230449e-02  -1.2975801e-02   1.8349816e-01  -3.0507421e-03  -2.2223619e-03   9.1750885e-04
   4.7039581e-02   1.4737020e-03   1.6880375e-01  -2.3735087e-03  -2.2978958e-03   1.0621704e-03
   4.2388739e-02  -1.6422734e-02   2.0480729e-01  -2.4453927e-03  -2.8624753e-03   1.2741622e-03
   2.6442270e-02  -2.0413008e-02   2.2800068e-01  -2.4804542e-03  -2.8833611e-03   1.2577125e-03
   9.7300622e-03  -1.0116859e-02   2.1123801e-01  -2.8665137e-03  -3.0046109e-03   1.2087610e-03
  -2.5975431e-03  -1.8626517e-02   2.3808032e-01  -2.9839596e-03  -3.1903523e-03   1.1793019e-03
   1.2451210e-02   8.8827140e-03   2.1991022e-01  -2.5130595e-03  -2.7992582e-03   1.0411363e-03
   3.2966480e-02  -1.3069573e-02   1.9496635e-01  -1.1170172e-03  -3.2569407e-03   1.2166382e-03
   1.2577921e-02  -2.1194086e-04   2.6213764e-01  -2.5760196e-03  -3.3213423e-03   9.9105048e-04
  -6.3354254e-03  -2.2571367e-03   3.2184543e-01  -2.7687793e-03  -3.5264449e-03   7.9318734e-04
  -1.1185697e-02  -3.4139211e-02   3.5468551e-01  -3.5758619e-03  -3.5660681e-03   3.9141506e-04
  -2.7350121e-02  -4.4249016e-02   3.7964110e-01  -3.8624415e-03  -3.6592283e-03   4.0169988e-04
  -6.0058760e-02  -3.4611040e-02   4.2348828e-01  -4.2745290e-03  -4.1101979e-03   9.3487343e-06
  -7.2951227e-02  -4.1627663e-02   4.3732515e-01  -4.3702321e-03  -4.1686384e-03  -1.0495913e-04
  -7.9511277e-02  -3.8336643e-02   4.2123160e-01  -4.7789187e-03  -4.0955942e-03  -6.3340557e-05
  -6.9240594e-02  -2.1547253e-02   4.1214485e-01  -5.1025632e-03  -4.1955900e-03   2.4207535e-05
  -7.0037212e-02  -4.9706246e-02   4.0984089e-01  -5.3015581e-03  -4.1601410e-03  -3.6733395e-05
  -5.3707000e-02  -5.6606873e-02   3.8328796e-01  -5.1408058e-03  -4.1674123e-03   3.9686341e-04
  -4.9210282e-02  -4.3588294e-02   3.9353434e-01  -4.9352144e-03  -4.0687831e-03   3.7493298e-04
  -3.7408807e-02  -6.5894904e-02   3.8747275e-01  -4.8636610e-03  -4.4911204e-03   5.7397264e-04
  -9.9943675e-02  -9.6790912e-03   3.8513203e-01  -3.5661439e-03  -4.7136908e-03   3.8104328e-04
  -1.0876029e-01  -4.3479433e-02   3.9134775e-01  -3.3863874e-03  -5.1965305e-03   1.3859067e-04
  -1.1623395e-01  -4.9787511e-02   4.1043333e-01  -3.8623788e-03  -5.6746130e-03   2.2822244e-04
  -1.4135937e-01  -2.0607039e-02   4.2725593e-01  -3.5410864e-03  -5.8677375e-03  -9.0235377e-06
  -1.5326820e-01  -1.1038997e-02   4.0402326e-01  -3.3834091e-03  -6.3602415e-03   2.7555592e-04
  -1.6732332e-01  -1.1602252e-03   4.1562035e-01  -3.0263578e-03  -6.7670064e-03   2.7153630e-04
  -1.8051402e-01  -5.3734561e-03   4.3315527e-01  -2.9659071e-03  -6.8234418e-03   2.0433466e-04
  -1.9426954e-01  -1.5015969e-02   4.1846088e-01  -3.2023927e-03  -6.8637688e-03   1.7283841e-04
  -2.0171042e-01  -1.6154994e-02   4.1491280e-01  -3.2227451e-03  -7.3012479e-03   7.6163781e-05
  -2.2616135e-01  -1.7684955e-02   4.1489743e-01  -3.0872155e-03  -7.3612629e-03  -1.3598956e-04
  -2.4117177e-01  -2.7591102e-02   3.9702278e-01  -3.1480996e-03  -7.5751636e-03  -3.5397414e-04
  -1.6862995e-01  -1.1801080e-02   3.8813339e-01  -2.2437694e-03  -7.1051466e-03   6.4736088e-04
  -2.1124543e-01  -1.6195086e-02   3.9524835e-01  -1.6494852e-03  -7.4234302e-03   1.4853159e-04
  -2.4921652e-01  -1.4158631e-02   3.9305329e-01  -2.2923965e-03  -8.1946299e-03  -3.0939761e-04
  -2.4739799e-01  -5.3355044e-03   4.0513774e-01  -2.0121429e-03  -8.3342583e-03  -1.7968573e-04
  -2.4767101e-01  -6.1587772e-03   4.3874935e-01  -2.2535648e-03  -8.6735081e-03  -3.7912260e-04
  -2.5878841e-01   2.3053075e-02   4.9125529e-01  -2.5468858e-03  -9.3702884e-03  -3.3491989e-04
  -2.7609235e-01   2.8099941e-02   4.8688844e-01  -2.0786087e-03  -9.2154556e-03  -7.8484727e-04
  -3.0046021e-01  -1.2861635e-02   5.2429965e-01  -3.6006350e-03  -9.7458693e-03  -9.7224137e-04
  -3.2011340e-01  -1.9474069e-02   5.4559667e-01  -4.4195620e-03  -1.0013751e-02  -1.1545167e-03
  -3.3107688e-01  -2.6987277e-02   5.5446424e-01  -4.4983471e-03  -9.8952306e-03  -1.2528349e-03
  -3.4623162e-01  -1.8027309e-02   5.3140094e-01  -4.0931108e-03  -1.0164180e-02  -1.3613112e-03
  -3.3968256e-01  -1.2158636e-02   5.3361305e-01  -3.9875928e-03  -1.0281356e-02  -1.2605632e-03
  -3.3818639e-01  -2.5575813e-02   5.0885478e-01  -4.4116796e-03  -1.0042956e-02  -1.0747063e-03
  -3.2278290e-01  -3.0206971e-02   4.8581262e-01  -4.1042046e-03  -9.8858303e-03  -1.0818342e-03
  -3.4142188e-01  -2.1922078e-02   4.9693204e-01  -3.7740638e-03  -9.9853196e-03  -1.2287861e-03
  -3.6315892e-01  -2.8562430e-02   5.4696248e-01  -3.8403341e-03  -1.0383197e-02  -1.3105128e-03
  -3.7123366e-01  -1.3206144e-02   5.3349159e-01  -3.6887310e-03  -1.0209199e-02  -1.5678896e-03
  -3.6723245e-01  -4.0865140e-02   5.4928939e-01  -3.6966102e-03  -1.0384846e-02  -1.4860210e-03
  -3.6275220e-01  -4.5755388e-02   5.3462049e-01  -4.1412344e-03  -9.9226501e-03  -1.5414404e-03
  -3.5189549e-01  -3.1948891e-02   5.3723062e-01  -4.1228742e-03  -9.6409787e-03  -1.3864997e-03
  -3.4622572e-01  -4.0080124e-02   5.1125417e-01  -3.7424149e-03  -9.7637829e-03  -1.3764266e-03
  -3.5038038e-01  -3.9587280e-02   5.0875820e-01  -3.6076143e-03  -1.0035917e-02  -1.3310494e-03
  -3.5635444e-01  -3.9302412e-02   5.1001119e-01  -3.3847901e-03  -9.9665193e-03  -1.3593730e-03
  -3.6364845e-01  -3.9942713e-02   4.9106183e-01  -2.7221451e-03  -1.0165072e-02  -1.3450103e-03
  -3.5147783e-01  -3.4130128e-02   4.7716629e-01  -2.7264531e-03  -1.0316243e-02  -1.2627098e-03
  -3.2900547e-01  -3.8404994e-02   4.3901819e-01  -2.6354201e-03  -9.9593272e-03  -9.3820861e-04
  -3.3403458e-01  -1.7227105e-02   4.1559385e-01  -2.0903362e-03  -1.0193223e-02  -9.2159518e-04
  -3.3308123e-01  -2.6762253e-02   4.3254709e-01  -1.7466901e-03  -1.0278338e-02  -9.8581818e-04
  -3.6008591e-01   1.1268007e-03   4.1526526e-01  -1.2465889e-03  -1.0672036e-02  -1.1900486e-03
  -3.7485523e-01  -2.8990867e-02   4.1319105e-01  -2.3891813e-03  -1.0166892e-02  -1.6837781e-03
  -3.7834753e-01  -7.1560754e-03   4.3378266e-01  -2.3698078e-03  -1.0016935e-02  -1.8458926e-03
  -3.4979293e-01  -2.1729930e-02   4.3701983e-01  -2.6055475e-03  -1.0264921e-02  -1.3553664e-03
  -3.5280087e-01   1.0428686e-03   4.2948838e-01  -2.6040797e-03  -1.0597944e-02  -1.3651898e-03
  -3.5438334e-01   4.5285646e-03   4.3403497e-01  -2.0379898e-03  -1.0522276e-02  -1.3056002e-03
  -3.3890433e-01   5.4346782e-03   4.9441086e-01  -2.4455845e-03  -1.0893296e-02  -1.0283904e-03
  -3.4861887e-01  -9.0066589e-04   4.9457645e-01  -2.8726575e-03  -1.0822452e-02  -1.3519726e-03
  -3.8359642e-01  -1.9198292e-02   4.9071985e-01  -3.0772831e-03  -1.1280100e-02  -1.5605282e-03
  -3.6918821e-01  -2.2804604e-02   4.4741242e-01  -2.8814649e-03  -1.1080633e-02  -1.3757759e-03
  -3.7438415e-01  -2.2919415e-02   4.5533940e-01  -2.5964413e-03  -1.1066105e-02  -1.4948453e-03
  -3.8513491e-01  -2.6563822e-02   4.7931940e-01  -2.2265528e-03  -1.1722674e-02  -1.5684037e-03
  -3.8921076e-01  -2.3684422e-02   4.7468926e-01  -2.0673837e-03  -1.1786850e-02  -1.5596896e-03
  -4.0272175e-01  -3.9081371e-03   4.8428242e-01  -2.4765769e-03  -1.2158680e-02  -1.4723957e-03
  -4.0798366e-01  -1.1501784e-02   5.0339176e-01  -2.3995774e-03  -1.2364615e-02  -1.5636858e-03
  -3.8995019e-01  -1.1132658e-02   4.8792247e-01  -2.4105372e-03  -1.2449404e-02  -1.3565557e-03
  -3.7790766e-01   4.5828975e-03   4.7024287e-01  -1.8077745e-03  -1.2524510e-02  -1.0358071e-03
  -3.7812628e-01  -2.2098765e-02   4.5354459e-01  -1.7400001e-03  -1.2446240e-02  -1.1594393e-03
  -4.1225930e-01  -6.1404481e-03   4.2960418e-01  -1.2353501e-03  -1.3237022e-02  -1.3891899e-03
  -4.5177882e-01   2.5089833e-03   4.2115391e-01  -1.7647097e-03  -1.3571661e-02  -1.6156209e-03
  -4.7411915e-01  -1.9950026e-02   4.4145694e-01  -1.3880590e-03  -1.3604199e-02  -1.8951410e-03
  -5.0323657e-01  -1.8305689e-02   4.1378347e-01  -1.4234792e-03  -1.3690617e-02  -2.1820387e-03
  -4.8413787e-01  -3.1305198e-02   4.1768966e-01  -1.4964037e-03  -1.3449361e-02  -1.9342656e-03
  -4.8249697e-01  -2.9259989e-02   4.2003228e-01  -1.7310783e-03  -1.3529093e-02  -1.9000786e-03
  -4.7284728e-01  -1.3948173e-02   3.8990797e-01  -1.5367912e-03  -1.3352183e-02  -1.8281051e-03
  -4.4596434e-01  -2.1515153e-02   3.6687392e-01  -1.8082192e-03  -1.2994332e-02  -1.6105088e-03
  -4.3054735e-01  -2.0747399e-02   3.7042936e-01  -1.7183262e-03  -1.3080028e-02  -1.3433230e-03
  -4.3329591e-01   2.3006399e-02   3.9441972e-01  -1.7326671e-03  -1.3065890e-02  -1.3255119e-03
  -4.1624596e-01  -2.1132592e-03   3.4215063e-01  -9.7280528e-04  -1.3134213e-02  -1.2584128e-03
  -4.1577220e-01  -8.9452250e-03   3.5185034e-01  -8.8059818e-04  -1.3573702e-02  -9.8542780e-04
  -4.2897784e-01   5.4899259e-03   3.8209046e-01  -9.5555595e-04  -1.3602542e-02  -1.2025866e-03
  -4.4342340e-01  -2.1394846e-02   3.8328817e-01  -9.8888871e-04  -1.3697091e-02  -1.3389426e-03
  -4.5545496e-01   1.8989645e-02   3.6208778e-01  -9.2176493e-04  -1.3840109e-02  -1.5232718e-03
  -4.5984672e-01  -5.6910487e-03   3.6250781e-01  -8.3769028e-04  -1.4177543e-02  -1.3897979e-03
  -4.5223864e-01   2.3155522e-02   3.6386789e-01  -5.7500760e-04  -1.4062618e-02  -1.1970291e-03
  -4.4684084e-01  -1.4070277e-02   3.4907841e-01  -4.1717129e-04  -1.3956197e-02  -1.2958338e-03
  -4.5363368e-01  -1.1298763e-02   3.4763787e-01  -3.1611630e-05  -1.4056799e-02  -1.4893823e-03
  -4.2931241e-01   1.3617665e-02   3.3089895e-01   9.4123955e-04  -1.3882218e-02  -8.3536974e-04
  -4.4815192e-01   5.5268200e-02   2.8797932e-01   1.2462701e-03  -1.3994295e-02  -1.1740621e-03
  -4.5660747e-01   1.1423432e-02   2.9991608e-01   7.3931932e-04  -1.3864535e-02  -1.4595800e-03
  -4.5564881e-01   9.0959535e-03   3.0569634e-01   2.5215339e-04  -1.4386790e-02  -1.4044746e-03
  -4.4605056e-01   2.3788019e-02   2.8888362e-01  -2.2195367e-04  -1.4525885e-02  -1.0852229e-03
  -4.9092849e-01   2.4734178e-02   2.8814735e-01  -3.8914523e-04  -1.4015216e-02  -2.0078468e-03
  -5.1302326e-01   3.8013973e-02   2.3995805e-01  -5.4306967e-04  -1.3649982e-02  -2.5423636e-03
  -5.1003565e-01   2.7303172e-02   2.4710184e-01  -1.2650724e-03  -1.3747206e-02  -2.4867808e-03
  -4.9559031e-01   2.5827067e-02   2.5146725e-01  -1.2888512e-03  -1.3988141e-02  -2.3442664e-03
  -4.7713733e-01   1.7737842e-02   2.6621923e-01  -1.4276606e-03  -1.3898304e-02  -2.2942168e-03
  -4.8207000e-01   2.0498820e-03   2.4344731e-01  -1.6458060e-03  -1.4045382e-02  -2.3525711e-03
  -4.9497615e-01   2.5498237e-02   2.5146316e-01  -1.4394161e-03  -1.4573268e-02  -2.2901420e-03
  -5.2290368e-01   1.0209403e-02   2.5008526e-01  -1.1361679e-03  -1.4571651e-02  -2.5930865e-03
  -5.4140593e-01   4.0248173e-03   2.7185002e-01  -2.0634786e-03  -1.4860465e-02  -2.7556239e-03
  -5.6445852e-01   1.8434495e-02   2.9547169e-01  -2.2938569e-03  -1.5035475e-02  -2.9899867e-03
  -5.8896369e-01   1.4949875e-02   2.7623403e-01  -2.0841498e-03  -1.4909706e-02  -3.2748683e-03
  -5.9686560e-01   2.9756045e-02   2.5198621e-01  -1.9490790e-03  -1.4772045e-02  -3.4088669e-03
  -6.1528733e-01   1.9035850e-02   2.4641591e-01  -2.4340943e-03  -1.4965811e-02  -3.6145198e-03
  -5.9642095e-01  -5.9790596e-03   2.6322854e-01  -1.9371616e-03  -1.4445574e-02  -3.4423487e-03
  -5.9009986e-01   2.7050759e-02   2.6401929e-01  -1.8230959e-03  -1.4439523e-02  -3.2561629e-03
  -6.2547372e-01   6.9993786e-03   2.6369581e-01  -2.2167965e-03  -1.4903642e-02  -3.6802555e-03
  -6.3834593e-01   1.1198332e-02   2.8824815e-01  -2.4450681e-03  -1.4622376e-02  -3.9161354e-03
  -6.6107538e-01   1.9181910e-02   3.2273948e-01  -2.7898707e-03  -1.4947602e-02  -4.2106586e-03
  -6.7690701e-01  -1.2308872e-02   3.5493889e-01  -2.9739806e-03  -1.5369075e-02  -4.4452800e-03
  -6.9230370e-01  -5.0234717e-03   3.6495352e-01  -3.3887181e-03  -1.4954009e-02  -4.7312871e-03
  -7.0007708e-01   5.6997524e-03   3.9617396e-01  -3.4465442e-03  -1.4853338e-02  -4.8224451e-03
  -6.9506846e-01  -2.1314320e-02   4.1472968e-01  -3.7152002e-03  -1.5177196e-02  -4.8058182e-03
  -6.8143970e-01  -2.4869221e-03   4.0516720e-01  -3.9574707e-03  -1.5471428e-02  -4.5099704e-03
  -6.8263310e-01  -9.5837876e-03   3.8958282e-01  -3.6250400e-03  -1.5193058e-02  -4.5180885e-03
  -6.5773574e-01  -7.7807110e-03   3.6969786e-01  -3.0735263e-03  -1.5267032e-02  -4.4494435e-03
  -6.9998020e-01  -4.0451490e-02   3.8232268e-01  -3.9270200e-03  -1.4958764e-02  -4.7937417e-03
  -6.9879153e-01  -2.9586261e-02   3.7966256e-01  -3.8102298e-03  -1.4761363e-02  -4.9446231e-03
  -6.9202908e-01  -2.4320414e-02   3.5940462e-01  -3.7586760e-03  -1.4862672e-02  -4.8250074e-03
  -6.9202087e-01  -2.4726674e-02   3.6585375e-01  -3.7718916e-03  -1.4761459e-02  -4.8835235e-03
  -6.8391276e-01  -2.1846064e-02   3.5896308e-01  -3.9639985e-03  -1.4603974e-02  -4.7922700e-03
  -6.8095383e-01  -3.4536833e-02   3.7304679e-01  -4.4149301e-03  -1.4644588e-02  -4.6776789e-03
  -6.8530176e-01  -2.7539462e-02   3.6926914e-01  -4.0553691e-03  -1.4566217e-02  -4.7708534e-03
  -6.8314634e-01  -1.9917364e-02   3.7513756e-01  -3.7516477e-03  -1.4602219e-02  -4.7567255e-03
  -6.7849495e-01  -1.3742781e-03   4.0747159e-01  -4.1946378e-03  -1.4772544e-02  -4.8016686e-03
  -6.6292091e-01  -4.5055398e-02   3.6738034e-01  -4.5906647e-03  -1.4593911e-02  -4.6166169e-03
  -6.5787602e-01  -1.0547148e-02   3.5061020e-01  -4.5105726e-03  -1.4724346e-02  -4.4881368e-03
  -6.6820337e-01  -3.7375386e-03   3.5427682e-01  -4.2036144e-03  -1.4577988e-02  -4.5900093e-03
  -6.8425222e-01  -1.0827820e-02   3.3762456e-01  -4.2922247e-03  -1.4560958e-02  -4.7588410e-03
  -6.9911355e-01  -8.4228833e-03   3.3941964e-01  -4.1874806e-03  -1.4021783e-02  -4.9155269e-03
  -6.8526096e-01  -1.2932181e-02   3.3059291e-01  -3.7404748e-03  -1.3849042e-02  -4.9488049e-03
  -6.8275535e-01  -7.7636610e-03   2.8709682e-01  -3.5017620e-03  -1.4167701e-02  -5.0102392e-03
  -6.9356845e-01   1.7044914e-02   3.3622880e-01  -3.0804126e-03  -1.4677405e-02  -4.7943199e-03
  -6.9575655e-01  -3.0152173e-03   3.4575143e-01  -2.8266534e-03  -1.4855113e-02  -4.9772421e-03
  -7.0362332e-01  -8.0883568e-03   3.1597857e-01  -2.9638336e-03  -1.5074375e-02  -5.0059029e-03
  -6.9161707e-01   5.9936606e-03   3.2700154e-01  -2.8964318e-03  -1.5243040e-02  -4.6178844e-03
  -6.8182112e-01   1.5805921e-02   3.2301586e-01  -2.5534212e-03  -1.5255900e-02  -4.7779811e-03
  -6.6571771e-01   1.4003275e-03   2.6832424e-01  -2.7049184e-03  -1.4696217e-02  -4.8056805e-03
