   0.0000000e+00   0.0000000e+00   0.0000000e+00   0.0000000e+00   0.0000000e+00   0.0000000e+00
   1.9778341e-02   1.3269281e-02   2.5590003e-02  -2.6867666e-04   2.2032085e-04   4.3504359e-04
   4.3350265e-02   1.4612782e-02   3.8783933e-02  -4.9023866e-05   2.5828681e-04   9.0583759e-04
   8.2283982e-02  -9.1938112e-03   6.2594187e-02   2.7885814e-04   5.3571452e-04   1.3893702e-03
   1.2267227e-01  -1.2623316e-02   3.5201695e-02   4.1099000e-04   5.3633762e-04   2.1966655e-03
   1.3751226e-01  -5.1337073e-03   4.3710097e-02   3.5008813e-04   6.5759228e-04   2.7210710e-03
   1.6997259e-01  -4.0814668e-03   8.3819938e-02   7.1377541e-05   7.3737441e-04   3.2944642e-03
   1.6735737e-01   1.4822676e-02   7.5533711e-02  -1.6984085e-04   4.9955608e-04   3.4829200e-03
   2.1468527e-01   2.7035765e-02   9.3957152e-02   4.6721965e-04   6.5894475e-04   4.3046801e-03
   2.2169288e-01   6.1617779e-03   9.2976125e-02   6.1742986e-05   6.0943214e-04   4.5365533e-03
   2.4379179e-01   1.2529450e-02   1.0620496e-01   2.9984534e-04   9.2396744e-04   4.8686864e-03
   2.4482309e-01   1.3195762e-02   1.0402836e-01  -3.4118688e-04   7.2694091e-04   4.9162390e-03
   2.4608659e-01   1.5613893e-02   1.1675093e-01  -4.1637165e-04   6.6131189e-04   4.8591333e-03
   2.2581113e-01   1.1344853e-02   7.8149183e-02  -1.6969671e-04   1.2914745e-03   4.6780183e-03
   2.1433132e-01   1.5333509e-02   7.1191991e-02  -1.2026023e-04   1.1723073e-03   4.5304944e-03
   2.0645668e-01   1.3859513e-02   7.3467635e-02  -2.4104292e-04   1.1051017e-03   4.4122612e-03
   2.0451454e-01   7.7715404e-03   9.1269280e-02  -2.2390600e-04   1.1308830e-03   4.4685937e-03
   1.8359417e-01   2.2048363e-03   1.1490315e-01  -3.2408088e-04   9.8576062e-04   4.2812266e-03
   1.8898233e-01  -1.0842998e-02   1.3226535e-01  -4.4603673e-04   1.0176040e-03   4.1243224e-03
   2.3933717e-01  -1.9226986e-02   1.4371567e-01  -5.3954765e-04   1.1155714e-03   4.9422586e-03
   2.8580444e-01   1.8003180e-03   1.9434163e-01  -4.1343758e-04   1.2077568e-03   5.4148059e-03
   3.0018726e-01  -1.5517016e-02   1.6228511e-01  -4.0923235e-04   9.3651764e-04   5.6847942e-03
   3.2442217e-01  -8.9237056e-03   1.5999024e-01   1.1219715e-04   9.7877055e-04   6.0375934e-03
   3.6771914e-01  -8.1337055e-03   1.5096973e-01  -3.1500421e-04   7.9518733e-04   6.6108336e-03
   4.0689190e-01  -4.7398347e-04   1.2252206e-01   3.0598696e-04   4.3572161e-04   7.2154281e-03
   3.7628984e-01   1.3564749e-02   1.0578382e-01   2.1300884e-04   1.4345251e-04   7.0916335e-03
   3.8353125e-01   5.3175965e-03   1.1689659e-01   4.6033792e-04   2.1314693e-04   7.1225737e-03
   3.9503768e-01  -4.0992760e-03   1.4110784e-01   2.2024746e-04   1.8866477e-04   7.3014039e-03
   4.1717306e-01  -1.1400847e-02   1.0559430e-01   2.5883960e-04   1.5248296e-04   7.4170048e-03
   4.1702377e-01   2.3725698e-02   9.6061314e-02   5.0681083e-04  -1.1937452e-04   7.5054381e-03
   4.2390032e-01   3.7809872e-03   1.3157933e-01   3.9703777e-04  -8.4969092e-05   7.5791788e-03
   4.0938596e-01  -6.2759093e-03   1.4105381e-01   7.0491571e-05  -2.8866112e-04   7.4136255e-03
   3.8284486e-01  -1.8460940e-02   1.2920542e-01  -4.1714716e-04  -2.4617930e-04   7.2357133e-03
   3.9776982e-01  -1.2462581e-02   1.1889572e-01  -1.0113379e-04  -4.6957260e-04   7.1802405e-03
   3.8416335e-01  -1.1816783e-02   1.0893948e-01   5.5485535e-04  -5.9268234e-05   7.0028185e-03
   4.0860641e-01  -7.5025673e-03   1.4176366e-01   4.2474800e-04  -9.6044759e-05   7.3517098e-03
   4.2740599e-01  -2.5193350e-02   1.5300993e-01  -9.4448655e-05  -4.7751231e-05   7.5762098e-03
   4.5064535e-01  -2.1187160e-02   1.2354598e-01   2.4268788e-04  -1.9885629e-04   7.7271729e-03
   4.4922201e-01  -1.4219959e-02   1.0555717e-01   1.2203593e-04  -3.3768260e-04   7.8509850e-03
   4.5577133e-01  -3.6725892e-04   1.3478685e-01   3.8529208e-04  -3.0707024e-04   7.9973917e-03
   4.5936427e-01  -1.7621333e-02   1.4247119e-01   1.2220726e-04  -5.8872379e-04   8.0030238e-03
   4.5835441e-01  -8.9063795e-03   1.4936522e-01  -1.1104749e-04  -5.9866794e-04   8.2055392e-03
   4.7396853e-01  -8.9156570e-03   8.1972790e-02   1.1299585e-03  -1.0545697e-03   8.5159801e-03
   4.5057340e-01   1.7156137e-02   5.3971501e-02   2.3082713e-03  -2.8303834e-03   8.6669223e-03
   4.6425948e-01   1.0542360e-02   1.1221693e-01   1.7494962e-03  -2.2962878e-03   8.9243887e-03
   4.6589403e-01   2.3785880e-02   1.0935076e-01   1.6501422e-03  -2.2265845e-03   9.1151363e-03
   4.5329097e-01   2.5421339e-02   8.6081807e-02   1.4540204e-03  -2.6283130e-03   8.9696992e-03
   4.4485803e-01   4.2625362e-02   1.0149559e-01   1.8232837e-03  -2.3723613e-03   9.0043065e-03
   4.5172334e-01   4.3254692e-02   1.0522277e-01   1.8067913e-03  -2.4070606e-03   8.9894789e-03
   4.6530001e-01   2.8737184e-02   8.6067896e-02   1.4580425e-03  -2.0991414e-03   9.3020490e-03
   4.3576743e-01   4.4021569e-02  -3.5528177e-02   2.9570525e-03  -2.6563109e-03   8.5957205e-03
   4.3353951e-01   2.1298983e-02  -1.6322812e-01   4.9927393e-03  -2.5191329e-03   8.0774037e-03
   4.2944140e-01   5.6113423e-02  -1.1066386e-01   3.7115290e-03  -2.9312880e-03   8.1600304e-03
   4.3151241e-01   5.8167890e-02  -1.4169297e-01   4.0689276e-03  -3.1788253e-03   8.0012540e-03
   4.0908774e-01   2.3922961e-02  -1.0820929e-01   3.7086948e-03  -3.1224357e-03   7.6316753e-03
   4.0626306e-01   4.1356621e-02  -5.8739036e-02   3.4219357e-03  -3.2655156e-03   7.9607152e-03
   4.2487748e-01   6.1016324e-02  -3.2062538e-02   3.7776017e-03  -3.1182543e-03   8.2814585e-03
   3.8395972e-01   4.7333843e-02  -5.0839439e-02   3.6724637e-03  -3.0205203e-03   7.6273743e-03
   3.9511512e-01   4.5189273e-02  -4.2545773e-02   3.4779968e-03  -2.9787778e-03   7.9245762e-03
   4.0348606e-01   2.7455026e-02  -5.1449453e-02   3.1617681e-03  -2.7505405e-03   8.0014101e-03
   4.0295337e-01   4.8016699e-02  -5.6784400e-02   3.2635088e-03  -2.7697752e-03   7.9982813e-03
   4.1706812e-01   4.4282543e-02  -7.1971525e-02   3.2415186e-03  -2.6218122e-03   8.1734612e-03
   4.3526632e-01   2.9355154e-02  -7.2401506e-02   3.2728223e-03  -2.6406088e-03   8.2503207e-03
   4.1052685e-01   2.4406823e-02  -6.6145362e-02   3.2215073e-03  -2.8344725e-03   8.1117750e-03
   4.3296853e-01   3.0001286e-02  -5.4919226e-02   3.1517848e-03  -2.9600336e-03   8.3399973e-03
   4.2436936e-01   2.4145029e-02  -6.9472057e-02   3.2992368e-03  -3.0658558e-03   8.3633064e-03
   4.0929502e-01   2.9665546e-02  -5.2174871e-02   3.3243277e-03  -3.6242063e-03   7.8866564e-03
   4.4513665e-01   2.2183830e-02  -1.0458815e-01   4.2217288e-03  -3.3620459e-03   8.2955233e-03
   4.3562603e-01   2.5715372e-02  -7.9661541e-02   3.3838489e-03  -3.7430992e-03   8.6390389e-03
   4.5625541e-01   5.6140437e-02  -5.8609169e-02   3.9125503e-03  -3.7321099e-03   8.9211278e-03
   4.3702302e-01   5.1631885e-02  -4.8925138e-02   3.8605486e-03  -3.7080087e-03   8.7326976e-03
   4.2624975e-01   4.2984341e-02  -6.5168348e-02   3.7410650e-03  -4.0148284e-03   8.6958943e-03
   4.6137102e-01   8.1524581e-02  -5.8267206e-02   4.2760114e-03  -3.9499147e-03   9.1505735e-03
   4.6295694e-01   5.9418261e-02  -5.8207887e-02   4.1307774e-03  -3.9719768e-03   9.1347506e-03
   4.5552677e-01   4.0519899e-02  -8.7372769e-02   4.0207412e-03  -3.8173608e-03   9.1047538e-03
   4.5926435e-01   5.8733208e-02  -7.0434601e-02   4.5528424e-03  -3.7618196e-03   9.2516925e-03
   4.4229703e-01   4.7853828e-02  -8.0196547e-02   3.8502485e-03  -3.8425154e-03   9.0889802e-03
   4.4961908e-01   6.1359309e-02  -1.0360511e-01   4.5713715e-03  -4.5167753e-03   8.8787173e-03
   4.3187300e-01   7.0620625e-02  -7.1126964e-02   5.4061733e-03  -4.4351314e-03   8.4234081e-03
   4.2410353e-01   4.6615108e-02  -7.4163163e-02   4.4817888e-03  -4.4017116e-03   8.2376945e-03
   4.3351230e-01   5.8496816e-02  -7.9106392e-02   4.4740354e-03  -4.5415187e-03   8.1292649e-03
   4.5695567e-01   3.5514633e-02  -5.1588062e-02   3.9952287e-03  -4.9338614e-03   8.5305398e-03
   4.7784820e-01   5.4979809e-02  -6.9832981e-02   4.5993541e-03  -4.8888221e-03   8.8842986e-03
   4.8337207e-01   6.5481926e-02  -7.2492140e-02   4.3766472e-03  -5.2068238e-03   8.8610436e-03
   4.4560045e-01   6.1613741e-02  -1.5397355e-01   5.4167206e-03  -5.1301689e-03   8.3244160e-03
   4.2261109e-01   6.9024910e-02  -2.0544561e-01   5.9620169e-03  -5.4992500e-03   7.9458440e-03
   4.8325398e-01   7.9737158e-02  -1.5320471e-01   5.5366118e-03  -5.1947138e-03   8.5565863e-03
   5.0342884e-01   4.4425674e-02  -1.1506092e-01   5.1262504e-03  -5.2395316e-03   9.0367736e-03
   4.9622506e-01   5.4486050e-02  -9.1247641e-02   4.9419190e-03  -5.6185629e-03   9.0301075e-03
   4.8816573e-01   5.7173258e-02  -9.6184601e-02   4.9841301e-03  -5.6291757e-03   8.9662967e-03
   4.9744013e-01   4.1349710e-02  -1.1213722e-01   5.1541572e-03  -5.3411346e-03   8.9771983e-03
   4.5266492e-01   6.8004303e-02  -1.5773809e-01   6.7906854e-03  -5.7712673e-03   8.7686734e-03
   4.6860643e-01   7.7724195e-02  -1.2661053e-01   5.9090526e-03  -5.4099982e-03   8.8688331e-03
   5.0870419e-01   7.9672988e-02  -1.1357528e-01   5.2480763e-03  -4.9876403e-03   8.9593728e-03
   5.0954028e-01   6.3825894e-02  -1.6134328e-01   5.2108937e-03  -5.0307903e-03   8.9441822e-03
   4.9248794e-01   8.7311783e-02  -1.5757522e-01   5.8385161e-03  -4.9724044e-03   8.8324820e-03
   5.0060072e-01   8.7800035e-02  -1.4269961e-01   5.7534846e-03  -4.8671288e-03   8.9563879e-03
   4.9505415e-01   6.3162240e-02  -1.6695329e-01   5.8249937e-03  -4.8909716e-03   8.9073071e-03
   5.0279146e-01   8.6987320e-02  -1.7404877e-01   5.7248032e-03  -5.1347379e-03   9.0400677e-03
   5.0401000e-01   7.8453621e-02  -1.6542055e-01   6.0599144e-03  -5.0349727e-03   9.0813048e-03
   5.1737362e-01   7.1315097e-02  -1.6877373e-01   5.6879292e-03  -4.8819534e-03   9.2610197e-03
   5.3115668e-01   7.0336223e-02  -1.6917830e-01   5.6709363e-03  -5.1456732e-03   9.4452844e-03
   5.3214942e-01   7.2233220e-02  -1.5118049e-01   5.8846954e-03  -4.7772022e-03   9.3194803e-03
   5.1744727e-01   7.6998405e-02  -1.6295443e-01   6.1391167e-03  -5.0399000e-03   9.2515666e-03
   5.1860478e-01   6.2068557e-02  -1.6354467e-01   6.0752444e-03  -5.3047437e-03   8.9354488e-03
   5.0180044e-01   7.3043652e-02  -1.4405685e-01   6.1842932e-03  -5.1155136e-03   8.7121355e-03
   5.0738974e-01   7.0361760e-02  -1.2510420e-01   5.9294603e-03  -5.2344055e-03   8.6558686e-03
   5.1800922e-01   2.5195866e-02  -1.8471245e-01   5.5527357e-03  -5.9095985e-03   8.3434839e-03
   5.0336005e-01   3.6899885e-02  -1.6983198e-01   5.8375293e-03  -5.7900797e-03   8.2030782e-03
   4.8502261e-01   5.4570828e-02  -1.2477707e-01   5.6090804e-03  -5.9521769e-03   8.2525017e-03
   4.7869580e-01   6.3870615e-02  -1.2289286e-01   5.7600194e-03  -6.2395670e-03   8.3723730e-03
   4.6510615e-01   5.6801310e-02  -1.4185246e-01   5.8997970e-03  -6.2582100e-03   8.3303180e-03
   4.6415136e-01   7.1278142e-02  -1.4451598e-01   6.3246967e-03  -6.2236234e-03   8.2148997e-03
   4.6514263e-01   5.0189661e-02  -1.3431782e-01   6.4786765e-03  -5.8639547e-03   8.2834880e-03
   4.6358299e-01   4.9977752e-02  -1.5361253e-01   6.2955587e-03  -5.9256646e-03   8.2783066e-03
   4.8458882e-01   6.8790543e-02  -1.4921557e-01   6.3611200e-03  -5.9345745e-03   8.6191902e-03
   4.7511626e-01   6.4985791e-02  -1.6694697e-01   6.2217504e-03  -6.2060758e-03   8.6121867e-03
   4.9364782e-01   8.1831014e-02  -1.9128589e-01   6.5255233e-03  -6.2010813e-03   8.8882259e-03
   4.8159105e-01   7.4306759e-02  -1.8459289e-01   6.3847458e-03  -6.2366899e-03   8.5271682e-03
   4.8411917e-01   5.6521819e-02  -1.9294221e-01   6.3220991e-03  -6.3709413e-03   8.5207147e-03
   4.9297801e-01   5.4748711e-02  -1.8702050e-01   6.7016298e-03  -6.1418739e-03   8.6281880e-03
   4.8175589e-01   6.0770276e-02  -2.5862856e-01   6.7922181e-03  -6.2804025e-03   8.2914833e-03
   4.8505226e-01   5.0491458e-02  -2.3517261e-01   6.8546085e-03  -6.0508781e-03   8.2619706e-03
   5.0023197e-01   4.5990920e-02  -2.4040618e-01   7.6426161e-03  -6.5811225e-03   8.7796562e-03
   5.1745549e-01   4.9517045e-02  -2.6722553e-01   7.6209762e-03  -6.9434170e-03   8.9252627e-03
   5.2314337e-01   6.9862298e-02  -3.0638043e-01   7.8112675e-03  -7.1211285e-03   9.2575954e-03
   5.1988545e-01   6.1778233e-02  -3.4622670e-01   8.4474783e-03  -7.3780131e-03   9.2496561e-03
   5.1444685e-01   6.6906642e-02  -3.3037849e-01   8.5008087e-03  -7.6434359e-03   9.3850892e-03
   5.1647982e-01   9.2445276e-02  -3.2474703e-01   8.8828315e-03  -7.5679096e-03   9.0971027e-03
   5.3797213e-01   7.5367748e-02  -3.2152493e-01   9.0353340e-03  -7.8477624e-03   9.5684674e-03
   5.1295530e-01   8.5250349e-02  -4.1315881e-01   9.7155814e-03  -7.8268884e-03   9.2902068e-03
   4.5401341e-01   9.4571777e-02  -4.4844586e-01   9.1605312e-03  -8.4385393e-03   8.5882511e-03
   4.6406608e-01   1.1667675e-01  -4.5226363e-01   9.7310677e-03  -8.5989160e-03   8.5685650e-03
   4.6154798e-01   8.7223531e-02  -4.2778445e-01   9.6212323e-03  -9.0499529e-03   8.4683938e-03
   4.5569739e-01   9.1423141e-02  -3.8944161e-01   9.5297805e-03  -9.0534465e-03   8.6112052e-03
   4.6074141e-01   9.6086560e-02  -3.7360053e-01   9.1177052e-03  -9.1818938e-03   8.6503756e-03
   4.7562556e-01   7.9777922e-02  -4.0426076e-01   8.8697050e-03  -9.0643962e-03   8.9993839e-03
   4.5909131e-01   1.1365576e-01  -4.3027881e-01   9.8009929e-03  -9.3086578e-03   8.9350592e-03
   4.4929982e-01   9.6136826e-02  -4.2400916e-01   9.8723850e-03  -8.7679476e-03   8.7660377e-03
   4.3492175e-01   8.8308934e-02  -4.2159006e-01   9.8991906e-03  -9.2858773e-03   8.5384370e-03
   4.3989688e-01   8.3676957e-02  -4.1042684e-01   1.0207328e-02  -9.5773364e-03   8.7677685e-03
   4.4583282e-01   9.5153742e-02  -4.3145380e-01   1.0329701e-02  -9.9269805e-03   8.9910944e-03
   4.6049895e-01   1.1069733e-01  -4.4746452e-01   1.0090850e-02  -9.7081378e-03   9.1015586e-03
   4.7243408e-01   1.1105702e-01  -4.1627009e-01   1.0505927e-02  -9.6045070e-03   9.3295897e-03
   4.7690314e-01   1.0251608e-01  -4.0974336e-01   9.9747292e-03  -9.4320372e-03   9.2905440e-03
   4.8927468e-01   1.1048272e-01  -4.3049445e-01   1.0590342e-02  -9.6275860e-03   9.5568528e-03
   5.1583362e-01   1.0924491e-01  -4.5416849e-01   1.0565338e-02  -9.5111206e-03   9.8277842e-03
   5.1321879e-01   1.1553529e-01  -4.4172695e-01   1.0430493e-02  -9.9216689e-03   9.8241055e-03
   5.0854337e-01   1.2189129e-01  -4.6917929e-01   1.0532729e-02  -9.6215727e-03   9.5836565e-03
   5.1025695e-01   9.8819710e-02  -5.0001573e-01   1.0140333e-02  -9.8368177e-03   9.5595210e-03
   5.1797829e-01   1.2910182e-01  -4.8124934e-01   1.0549155e-02  -9.9448286e-03   9.6479212e-03
   5.2993540e-01   1.0033836e-01  -4.5670602e-01   1.0162121e-02  -1.0242048e-02   9.7004887e-03
   5.3089768e-01   1.0273805e-01  -4.5214678e-01   1.0377252e-02  -1.0214712e-02   9.8468416e-03
   5.5358938e-01   9.4037318e-02  -4.5743301e-01   9.7724644e-03  -1.0415942e-02   1.0116797e-02
   5.8341882e-01   9.2045318e-02  -4.6441769e-01   1.0193096e-02  -1.0555494e-02   1.0441076e-02
   5.8356543e-01   8.4327576e-02  -4.3914446e-01   1.0131143e-02  -1.0597211e-02   1.0298592e-02
   6.0688892e-01   7.7675216e-02  -4.8239618e-01   1.0148763e-02  -1.0737366e-02   1.0451616e-02
   5.8923876e-01   8.0539398e-02  -4.5176455e-01   1.0621154e-02  -1.0860162e-02   1.0311470e-02
   5.5220756e-01   1.0096497e-01  -4.8773019e-01   1.0392757e-02  -1.0947721e-02   9.9630903e-03
   5.5236611e-01   1.0553356e-01  -5.2072812e-01   1.0528720e-02  -1.1270787e-02   9.8549026e-03
   5.3433025e-01   1.0771018e-01  -5.1401247e-01   1.0708190e-02  -1.1143551e-02   9.7644212e-03
   5.0026669e-01   1.4274991e-01  -4.9637212e-01   1.1374013e-02  -1.1777325e-02   9.6386336e-03
   4.4058046e-01   1.2055336e-01  -5.1968610e-01   1.2460731e-02  -1.2312784e-02   8.7584880e-03
   4.3636104e-01   1.4579894e-01  -5.3458503e-01   1.2253558e-02  -1.2547081e-02   8.6432567e-03
